# Original Filename:   c09_ssp_z_0.02_chab.model
# zf:                  3.0
# SFH:                 SSP
# Metallicity (z):     0.02
# IMF:                 Chabrier
# Cosmology:           Om=0.2720 Ol=0.7280 h=0.7040 w=-1.0000
# Magnitude System:    AB
#
# Column Descriptions:
#  1 redshift
#  2 distance modulus
#  3 mass (solar masses)
#  4 sloan_g rest-frame absolute magnitude
#  5 sloan_g observed-frame absolute magnitude
#  6 sloan_g apparent mangnitude
#  7 sloan_r rest-frame absolute magnitude
#  8 sloan_r observed-frame absolute magnitude
#  9 sloan_r apparent mangnitude
# 10 sloan_z rest-frame absolute magnitude
# 11 sloan_z observed-frame absolute magnitude
# 12 sloan_z apparent mangnitude
# 13 wise_ch1 rest-frame absolute magnitude
# 14 wise_ch1 observed-frame absolute magnitude
# 15 wise_ch1 apparent mangnitude
# 16 wise_ch2 rest-frame absolute magnitude
# 17 wise_ch2 observed-frame absolute magnitude
# 18 wise_ch2 apparent mangnitude
 0.005 31.6497 5.70191e-01   7.4901   7.5086  39.1582   6.6394   6.6443  38.2940   5.9282   5.9313  37.5810   6.3503   6.3394  37.9891   6.9271   6.9104  38.5601
 0.010 33.1634 5.70354e-01   7.4844   7.5165  40.6799   6.6345   6.6442  39.8076   5.9240   5.9297  39.0930   6.3462   6.3244  39.4878   6.9228   6.8894  40.0528
 0.015 34.0523 5.70515e-01   7.4788   7.5289  41.5812   6.6297   6.6438  40.6961   5.9198   5.9285  39.9808   6.3421   6.3095  40.3618   6.9187   6.8685  40.9208
 0.020 34.6855 5.70676e-01   7.4733   7.5369  42.2224   6.6249   6.6465  41.3319   5.9156   5.9274  40.6128   6.3381   6.2948  40.9802   6.9145   6.8477  41.5331
 0.025 35.1784 5.70836e-01   7.4678   7.5467  42.7251   6.6202   6.6456  41.8240   5.9115   5.9263  41.1047   6.3340   6.2802  41.4586   6.9104   6.8269  42.0053
 0.030 35.5826 5.71004e-01   7.4618   7.5522  43.1348   6.6150   6.6462  42.2288   5.9071   5.9251  41.5077   6.3297   6.2654  41.8480   6.9060   6.8059  42.3885
 0.035 35.9256 5.71171e-01   7.4559   7.5649  43.4904   6.6100   6.6477  42.5733   5.9027   5.9228  41.8484   6.3254   6.2508  42.1764   6.9017   6.7851  42.7106
 0.040 36.2237 5.71337e-01   7.4501   7.5691  43.7929   6.6050   6.6470  42.8707   5.8984   5.9217  42.1454   6.3212   6.2364  42.4601   6.8974   6.7643  42.9880
 0.045 36.4876 5.71502e-01   7.4443   7.5849  44.0725   6.6000   6.6521  43.1397   5.8941   5.9216  42.4092   6.3170   6.2222  42.7098   6.8932   6.7436  43.2313
 0.050 36.7245 5.71665e-01   7.4387   7.5903  44.3148   6.5951   6.6503  43.3748   5.8898   5.9207  42.6452   6.3129   6.2080  42.9325   6.8890   6.7231  43.4476
 0.055 36.9395 5.71828e-01   7.4330   7.5997  44.5392   6.5903   6.6531  43.5925   5.8856   5.9200  42.8595   6.3088   6.1940  43.1335   6.8849   6.7027  43.6422
 0.060 37.1364 5.71989e-01   7.4275   7.6162  44.7525   6.5855   6.6565  43.7929   5.8815   5.9197  43.0560   6.3047   6.1801  43.3165   6.8808   6.6824  43.8188
 0.065 37.3181 5.72149e-01   7.4220   7.6179  44.9360   6.5808   6.6558  43.9739   5.8774   5.9196  43.2377   6.3007   6.1664  43.4845   6.8767   6.6623  43.9804
 0.070 37.4869 5.72308e-01   7.4166   7.6428  45.1297   6.5761   6.6633  44.1502   5.8733   5.9198  43.4067   6.2968   6.1528  43.6397   6.8727   6.6424  44.1293
 0.075 37.6445 5.72470e-01   7.4111   7.6440  45.2885   6.5714   6.6611  44.3056   5.8692   5.9194  43.5639   6.2928   6.1394  43.7838   6.8687   6.6226  44.2671
 0.080 37.7924 5.72637e-01   7.4055   7.6656  45.4580   6.5665   6.6671  44.4595   5.8650   5.9181  43.7104   6.2886   6.1260  43.9183   6.8645   6.6030  44.3954
 0.085 37.9317 5.72802e-01   7.3999   7.6774  45.6091   6.5617   6.6679  44.5996   5.8608   5.9174  43.8491   6.2846   6.1128  44.0445   6.8604   6.5836  44.5153
 0.090 38.0635 5.72967e-01   7.3945   7.6894  45.7529   6.5570   6.6706  44.7340   5.8567   5.9161  43.9796   6.2806   6.0999  44.1634   6.8563   6.5643  44.6278
 0.095 38.1885 5.73130e-01   7.3890   7.7091  45.8976   6.5523   6.6749  44.8634   5.8526   5.9147  44.1031   6.2766   6.0872  44.2757   6.8523   6.5453  44.7338
 0.100 38.3074 5.73292e-01   7.3837   7.7218  46.0292   6.5477   6.6769  44.9843   5.8486   5.9126  44.2200   6.2726   6.0748  44.3822   6.8483   6.5264  44.8337
 0.125 38.8288 5.74102e-01   7.3572   7.8135  46.6423   6.5247   6.6962  45.5250   5.8285   5.9050  44.7338   6.2524   6.0141  44.8429   6.8277   6.4322  45.2610
 0.150 39.2604 5.74986e-01   7.3277   7.9102  47.1706   6.4992   6.7135  45.9739   5.8059   5.9026  45.1630   6.2260   5.9467  45.2071   6.7996   6.3333  45.5937
 0.175 39.6296 5.75839e-01   7.2996   8.0121  47.6417   6.4748   6.7295  46.3591   5.7844   5.9037  45.5333   6.2009   5.8815  45.5111   6.7728   6.2397  45.8693
 0.200 39.9529 5.76649e-01   7.2718   8.1130  48.0659   6.4507   6.7439  46.6968   5.7629   5.9029  45.8558   6.1760   5.8137  45.7666   6.7464   6.1512  46.1041
 0.225 40.2410 5.77445e-01   7.2450   8.2009  48.4419   6.4274   6.7545  46.9955   5.7424   5.9007  46.1417   6.1524   5.7421  45.9830   6.7213   6.0700  46.3110
 0.250 40.5010 5.78264e-01   7.2172   8.2750  48.7760   6.4037   6.7694  47.2704   5.7221   5.8967  46.3977   6.1297   5.6674  46.1684   6.6972   5.9945  46.4955
 0.275 40.7382 5.79073e-01   7.1906   8.3525  49.0907   6.3811   6.7902  47.5284   5.7026   5.8885  46.6267   6.1079   5.5934  46.3316   6.6742   5.9234  46.6616
 0.300 40.9564 5.79929e-01   7.1643   8.4445  49.4009   6.3585   6.8111  47.7675   5.6832   5.8776  46.8341   6.0863   5.5181  46.4746   6.6514   5.8565  46.8129
 0.325 41.1586 5.80760e-01   7.1385   8.5437  49.7023   6.3363   6.8308  47.9894   5.6638   5.8712  47.0298   6.0641   5.4435  46.6021   6.6278   5.7924  46.9510
 0.350 41.3471 5.81572e-01   7.1096   8.6118  49.9589   6.3105   6.8518  48.1989   5.6401   5.8630  47.2101   6.0345   5.3640  46.7111   6.5959   5.7234  47.0704
 0.375 41.5236 5.82372e-01   7.0821   8.6424  50.1659   6.2859   6.8804  48.4039   5.6175   5.8499  47.3734   6.0064   5.2861  46.8096   6.5657   5.6582  47.1818
 0.400 41.6896 5.83236e-01   7.0548   8.6686  50.3582   6.2614   6.9248  48.6143   5.5949   5.8360  47.5255   5.9784   5.2069  46.8965   6.5357   5.5943  47.2839
 0.425 41.8463 5.84077e-01   7.0287   8.7131  50.5594   6.2380   6.9913  48.8377   5.5733   5.8228  47.6691   5.9518   5.1291  46.9754   6.5071   5.5330  47.3793
 0.450 41.9948 5.84938e-01   7.0012   8.7680  50.7627   6.2136   7.0661  49.0609   5.5511   5.8086  47.8034   5.9244   5.0501  47.0449   6.4776   5.4723  47.4671
 0.475 42.1358 5.85774e-01   6.9752   8.8366  50.9725   6.1905   7.1466  49.2824   5.5300   5.7999  47.9357   5.8985   4.9691  47.1050   6.4497   5.4143  47.5502
 0.500 42.2702 5.86581e-01   6.9491   8.8868  51.1570   6.1672   7.2267  49.4968   5.5088   5.7931  48.0633   5.8725   4.8875  47.1577   6.4218   5.3578  47.6280
 0.525 42.3984 5.87364e-01   6.9244   8.9547  51.3531   6.1452   7.3000  49.6985   5.4886   5.7897  48.1882   5.8479   4.8069  47.2054   6.3954   5.3035  47.7020
 0.550 42.5211 5.88331e-01   6.8857   9.0160  51.5371   6.1061   7.3532  49.8743   5.4471   5.7741  48.2953   5.7938   4.7032  47.2244   6.3380   5.2213  47.7425
 0.575 42.6387 5.89281e-01   6.8485   9.0755  51.7142   6.0684   7.3971  50.0358   5.4069   5.7631  48.4018   5.7421   4.6066  47.2453   6.2833   5.1429  47.7816
 0.600 42.7516 5.90207e-01   6.8119   9.1514  51.9030   6.0313   7.4406  50.1922   5.3675   5.7556  48.5073   5.6917   4.5153  47.2669   6.2302   5.0692  47.8208
 0.625 42.8602 5.91107e-01   6.7772   9.2513  52.1115   5.9962   7.4981  50.3583   5.3302   5.7544  48.6146   5.6447   4.4300  47.2902   6.1806   5.0016  47.8618
 0.650 42.9647 5.92032e-01   6.7472   9.3525  52.3173   5.9690   7.5684  50.5332   5.3050   5.7559  48.7206   5.6161   4.3669  47.3317   6.1505   4.9509  47.9156
 0.675 43.0656 5.92947e-01   6.7196   9.4404  52.5060   5.9449   7.6422  50.7078   5.2839   5.7585  48.8241   5.5937   4.3174  47.3830   6.1270   4.9023  47.9678
 0.700 43.1629 5.93897e-01   6.6924   9.5437  52.7066   5.9210   7.6889  50.8518   5.2631   5.7566  48.9195   5.5715   4.2715  47.4344   6.1037   4.8510  48.0139
 0.725 43.2570 5.94853e-01   6.6662   9.6492  52.9062   5.8980   7.7073  50.9643   5.2428   5.7501  49.0071   5.5499   4.2269  47.4839   6.0811   4.7975  48.0545
 0.750 43.3480 5.95791e-01   6.6400   9.7676  53.1156   5.8751   7.7157  51.0637   5.2226   5.7414  49.0894   5.5277   4.1830  47.5311   6.0577   4.7399  48.0879
 0.775 43.4362 5.96711e-01   6.6141   9.8687  53.3049   5.8526   7.7213  51.1575   5.2026   5.7346  49.1708   5.5052   4.1408  47.5770   6.0338   4.6770  48.1132
 0.800 43.5217 5.97646e-01   6.5889  10.0119  53.5336   5.8306   7.7413  51.2630   5.1831   5.7239  49.2456   5.4832   4.0983  47.6200   6.0106   4.6083  48.1300
 0.825 43.6046 5.98610e-01   6.5641  10.1552  53.7599   5.8089   7.7661  51.3707   5.1638   5.7193  49.3240   5.4616   4.0553  47.6599   5.9877   4.5356  48.1402
 0.850 43.6852 5.99572e-01   6.5405  10.2903  53.9755   5.7876   7.8029  51.4881   5.1442   5.7207  49.4059   5.4395   4.0116  47.6968   5.9644   4.4631  48.1482
 0.875 43.7635 6.00566e-01   6.5178  10.4296  54.1931   5.7657   7.8369  51.6004   5.1232   5.7285  49.4920   5.4151   3.9659  47.7294   5.9389   4.3901  48.1536
 0.900 43.8396 6.01542e-01   6.4959  10.4654  54.3051   5.7446   7.8691  51.7087   5.1029   5.7465  49.5861   5.3917   3.9214  47.7610   5.9145   4.3199  48.1595
 0.925 43.9137 6.02529e-01   6.4741  10.5208  54.4346   5.7235   7.9064  51.8201   5.0827   5.7673  49.6811   5.3683   3.8779  47.7916   5.8900   4.2521  48.1658
 0.950 43.9859 6.03495e-01   6.4527  10.6076  54.5935   5.7030   7.9554  51.9413   5.0629   5.7948  49.7807   5.3454   3.8364  47.8223   5.8661   4.1886  48.1745
 0.975 44.0563 6.04542e-01   6.4220  10.6458  54.7021   5.6755   7.9877  52.0439   5.0361   5.8093  49.8655   5.3114   3.7886  47.8449   5.8299   4.1183  48.1745
 1.000 44.1248 6.05562e-01   6.3928  10.7504  54.8752   5.6494   8.0241  52.1490   5.0106   5.8265  49.9513   5.2794   3.7440  47.8689   5.7958   4.0518  48.1766
 1.025 44.1918 6.06575e-01   6.3637  10.8928  55.0845   5.6232   8.0710  52.2627   4.9851   5.8392  50.0309   5.2474   3.7001  47.8918   5.7619   3.9865  48.1783
 1.050 44.2571 6.07565e-01   6.3359  10.9769  55.2339   5.5982   8.1331  52.3901   4.9607   5.8553  50.1124   5.2170   3.6590  47.9161   5.7296   3.9236  48.1807
 1.075 44.3209 6.08608e-01   6.3072  10.9874  55.3083   5.5733   8.1885  52.5094   4.9388   5.8744  50.1953   5.1928   3.6250  47.9459   5.7040   3.8671  48.1879
 1.100 44.3832 6.09645e-01   6.2793  10.9805  55.3638   5.5492   8.2373  52.6205   4.9182   5.9004  50.2836   5.1709   3.5946  47.9779   5.6809   3.8133  48.1965
 1.125 44.4442 6.10671e-01   6.2518  10.9691  55.4133   5.5254   8.2794  52.7236   4.8977   5.9329  50.3771   5.1492   3.5645  48.0087   5.6580   3.7603  48.2045
 1.150 44.5038 6.11679e-01   6.2251  10.9713  55.4751   5.5023   8.3394  52.8432   4.8778   5.9701  50.4740   5.1281   3.5366  48.0404   5.6356   3.7093  48.2131
 1.175 44.5622 6.12726e-01   6.1958  10.9976  55.5598   5.4783   8.4037  52.9659   4.8584   6.0037  50.5659   5.0998   3.5098  48.0719   5.6039   3.6564  48.2186
 1.200 44.6193 6.13798e-01   6.1648  10.9993  55.6186   5.4539   8.4613  53.0806   4.8395   6.0368  50.6561   5.0665   3.4849  48.1041   5.5657   3.6036  48.2229
 1.225 44.6752 6.14873e-01   6.1347  10.9772  55.6523   5.4300   8.5412  53.2164   4.8210   6.0676  50.7427   5.0342   3.4640  48.1392   5.5287   3.5540  48.2292
 1.250 44.7300 6.15957e-01   6.1052  10.9400  55.6699   5.4064   8.6096  53.3396   4.8027   6.0957  50.8257   5.0026   3.4456  48.1756   5.4928   3.5081  48.2380
 1.275 44.7837 6.17063e-01   6.0745  10.9076  55.6913   5.3817   8.6886  53.4723   4.7838   6.1143  50.8980   4.9739   3.4292  48.2129   5.4606   3.4672  48.2509
 1.300 44.8363 6.18230e-01   6.0405  10.8844  55.7207   5.3540   8.7724  53.6087   4.7633   6.1285  50.9648   4.9491   3.4146  48.2509   5.4335   3.4312  48.2676
 1.325 44.8880 6.19383e-01   6.0078  10.8920  55.7800   5.3273   8.8627  53.7507   4.7433   6.1449  51.0329   4.9250   3.4012  48.2892   5.4073   3.3964  48.2844
 1.350 44.9386 6.20552e-01   5.9756  10.9175  55.8561   5.3007   8.9460  53.8847   4.7234   6.1501  51.0887   4.9010   3.3884  48.3270   5.3812   3.3601  48.2987
 1.375 44.9883 6.21698e-01   5.9440  10.9481  55.9364   5.2747   8.9899  53.9783   4.7023   6.1556  51.1440   4.8758   3.3722  48.3605   5.3545   3.3208  48.3092
 1.400 45.0371 6.22840e-01   5.9103  10.9735  56.0107   5.2469   9.0111  54.0483   4.6745   6.1605  51.1977   4.8427   3.3457  48.3828   5.3218   3.2724  48.3095
 1.425 45.0851 6.23975e-01   5.8782  11.0215  56.1066   5.2202   9.0065  54.0915   4.6478   6.1697  51.2548   4.8110   3.3183  48.4034   5.2905   3.2239  48.3090
 1.450 45.1322 6.25191e-01   5.8461  11.0834  56.2156   5.1934   8.9855  54.1176   4.6210   6.1828  51.3150   4.7795   3.2899  48.4220   5.2593   3.1756  48.3078
 1.475 45.1784 6.26397e-01   5.8150  11.1607  56.3391   5.1674   8.9968  54.1752   4.5948   6.1919  51.3703   4.7485   3.2613  48.4398   5.2297   3.1278  48.3062
 1.500 45.2239 6.27705e-01   5.7801  11.2235  56.4474   5.1393   9.0097  54.2336   4.5649   6.1883  51.4122   4.7120   3.2263  48.4502   5.2013   3.0784  48.3023
 1.525 45.2686 6.28984e-01   5.7468  11.3117  56.5802   5.1123   9.0364  54.3050   4.5362   6.1863  51.4548   4.6773   3.1901  48.4587   5.1741   3.0305  48.2991
 1.550 45.3125 6.30239e-01   5.7136  11.4134  56.7259   5.0852   9.0777  54.3902   4.5074   6.1827  51.4953   4.6427   3.1529  48.4655   5.1468   2.9830  48.2955
 1.575 45.3558 6.31499e-01   5.6804  11.5076  56.8634   5.0574   9.0907  54.4465   4.4768   6.1796  51.5354   4.6088   3.1132  48.4690   5.1224   2.9358  48.2916
 1.600 45.3983 6.32940e-01   5.6379  11.5300  56.9284   5.0191   9.0529  54.4512   4.4273   6.1657  51.5640   4.5697   3.0582  48.4566   5.1095   2.8769  48.2752
 1.625 45.4402 6.34364e-01   5.5975  11.5382  56.9784   4.9825   9.0062  54.4463   4.3806   6.1557  51.5959   4.5323   3.0049  48.4451   5.0968   2.8208  48.2610
 1.650 45.4814 6.35817e-01   5.5576  11.5464  57.0278   4.9462   8.9504  54.4318   4.3346   6.1461  51.6275   4.4953   2.9520  48.4334   5.0839   2.7664  48.2478
 1.675 45.5220 6.37344e-01   5.5153  11.5396  57.0616   4.9056   8.8827  54.4047   4.2866   6.1369  51.6589   4.4686   2.9023  48.4242   5.0821   2.7181  48.2401
 1.700 45.5619 6.39152e-01   5.4626  11.4655  57.0274   4.8496   8.8132  54.3751   4.2280   6.1217  51.6836   4.4676   2.8587  48.4206   5.1122   2.6801  48.2420
 1.725 45.6013 6.40933e-01   5.4123  11.4071  57.0084   4.7964   8.7674  54.3686   4.1724   6.1072  51.7084   4.4667   2.8176  48.4188   5.1431   2.6437  48.2450
 1.750 45.6400 6.42698e-01   5.3636  11.3473  56.9874   4.7450   8.7353  54.3753   4.1187   6.0927  51.7328   4.4657   2.7782  48.4182   5.1754   2.6081  48.2482
 1.775 45.6782 6.44939e-01   5.2989  11.3342  57.0124   4.6747   8.6894  54.3676   4.0635   6.0683  51.7465   4.4681   2.7363  48.4145   5.1922   2.5727  48.2509
 1.800 45.7159 6.47652e-01   5.2212  11.3841  57.0999   4.5893   8.6225  54.3384   4.0071   6.0391  51.7550   4.4740   2.6921  48.4080   5.1928   2.5375  48.2534
 1.825 45.7530 6.50382e-01   5.1475  11.4620  57.2150   4.5088   8.5518  54.3048   3.9525   6.0149  51.7679   4.4800   2.6494  48.4024   5.1934   2.5027  48.2557
 1.850 45.7896 6.53094e-01   5.0786  11.5742  57.3637   4.4340   8.4908  54.2804   3.9007   5.9984  51.7879   4.4860   2.6093  48.3988   5.1941   2.4686  48.2582
 1.875 45.8256 6.54856e-01   5.0395  11.5722  57.3978   4.4030   8.4111  54.2367   3.8991   5.9892  51.8148   4.5314   2.6170  48.4427   5.2439   2.4843  48.3099
 1.900 45.8612 6.56459e-01   5.0056  11.5646  57.4258   4.3786   8.3468  54.2080   3.9044   5.9858  51.8471   4.5842   2.6313  48.4925   5.3030   2.5074  48.3686
 1.925 45.8963 6.58055e-01   4.9718  11.5910  57.4873   4.3541   8.2925  54.1888   3.9099   5.9880  51.8843   4.6414   2.6452  48.5415   5.3675   2.5319  48.4282
 1.950 45.9309 6.59690e-01   4.9529  11.6231  57.5540   4.3586   8.2387  54.1696   3.9337   5.9934  51.9243   4.6476   2.6586  48.5895   5.3602   2.5469  48.4779
 1.975 45.9651 6.61393e-01   4.9539  11.6303  57.5954   4.4056   8.1806  54.1457   3.9855   6.0026  51.9677   4.5803   2.6750  48.6401   5.2533   2.5516  48.5167
 2.000 45.9988 6.63072e-01   4.9549  11.6698  57.6686   4.4558   8.1302  54.1291   4.0411   6.0158  52.0147   4.5154   2.6950  48.6938   5.1539   2.5601  48.5590
 2.100 46.1295 6.69860e-01   4.8286  11.9642  58.0936   4.4199   7.8960  54.0255   4.0467   6.0184  52.1479   4.4606   2.6725  48.8019   5.0761   2.5508  48.6803
 2.200 46.2538 6.77172e-01   4.6457  12.0037  58.2575   4.2993   7.5301  53.7839   3.9796   5.9292  52.1831   4.4552   2.6071  48.8609   5.0711   2.5112  48.7650
 2.300 46.3724 6.84941e-01   4.4513  11.3022  57.6745   4.1725   7.0757  53.4480   3.8967   5.7976  52.1700   4.4148   2.5149  48.8872   5.0141   2.4310  48.8034
 2.400 46.4857 6.93639e-01   4.2361  10.2135  56.6992   4.0213   6.4950  52.9807   3.7781   5.5411  52.0268   4.3334   2.3789  48.8646   4.9236   2.3026  48.7883
 2.500 46.5941 7.03389e-01   4.0058   8.5477  55.1419   3.8534   5.8646  52.4587   3.6513   5.1709  51.7650   4.2573   2.2377  48.8318   4.8697   2.1750  48.7691
 2.600 46.6981 7.14844e-01   3.7591   6.9461  53.6443   3.6668   5.1769  51.8750   3.5185   4.6830  51.3811   4.2107   2.1002  48.7983   4.8189   2.0469  48.7450
 2.700 46.7980 7.29189e-01   3.4793   5.7178  52.5158   3.4453   4.3898  51.1878   3.3539   4.0484  50.8464   4.1959   1.9197  48.7177   4.8091   1.9022  48.7002
 2.800 46.8941 7.49096e-01   3.1375   4.5576  51.4517   3.1454   3.4460  50.3401   3.1117   3.2036  50.0976   4.1642   1.6558  48.5499   4.8147   1.6901  48.5842
