# Original Filename:   c09_ssp_z_0.02_chab.model
# zf:                  3.0
# SFH:                 SSP
# Metallicity (z):     0.02
# IMF:                 Chabrier
# Cosmology:           Om=0.2720 Ol=0.7280 h=0.7040 w=-1.0000
# Magnitude System:    AB
Vega# Normalization        M(ch1) = -25.06 <type 'type'> mags @ z = 0.24
#
# Column Descriptions:
#  1 redshift
#  2 distance modulus
#  3 age (gyrs)
#  4 mass (solar masses)
#  5 sloan_g observed-frame absolute magnitude
#  6 sloan_g apparent mangnitude
#  7 sloan_r observed-frame absolute magnitude
#  8 sloan_r apparent mangnitude
#  9 sloan_z observed-frame absolute magnitude
# 10 sloan_z apparent mangnitude
# 11 wise_ch1 observed-frame absolute magnitude
# 12 wise_ch1 apparent mangnitude
# 13 wise_ch2 observed-frame absolute magnitude
# 14 wise_ch2 apparent mangnitude
 0.005 31.6497 11.486266 1.39382e+11 -20.9619  10.6878 -21.8262   9.8235 -22.5391   9.1106 -22.1311   9.5186 -21.5601  10.0896
 0.010 33.1634 11.417549 1.39422e+11 -20.9540  12.2094 -21.8263  11.3371 -22.5408  10.6226 -22.1461  11.0173 -21.5810  11.5823
 0.015 34.0523 11.349312 1.39462e+11 -20.9416  13.1107 -21.8267  12.2256 -22.5420  11.5104 -22.1610  11.8914 -21.6020  12.4504
 0.020 34.6855 11.281551 1.39501e+11 -20.9335  13.7519 -21.8240  12.8615 -22.5431  12.1423 -22.1757  12.5098 -21.6228  13.0627
 0.025 35.1784 11.214263 1.39540e+11 -20.9237  14.2546 -21.8248  13.3535 -22.5441  12.6342 -22.1903  12.9881 -21.6436  13.5348
 0.030 35.5826 11.147442 1.39581e+11 -20.9183  14.6643 -21.8243  13.7583 -22.5454  13.0372 -22.2050  13.3775 -21.6645  13.9180
 0.035 35.9256 11.081085 1.39622e+11 -20.9056  15.0200 -21.8227  14.1028 -22.5477  13.3779 -22.2196  13.7059 -21.6854  14.2402
 0.040 36.2237 11.015187 1.39662e+11 -20.9013  15.3224 -21.8235  14.4002 -22.5487  13.6750 -22.2341  13.9897 -21.7062  14.5176
 0.045 36.4876 10.949746 1.39703e+11 -20.8855  15.6021 -21.8183  14.6693 -22.5489  13.9388 -22.2483  14.2393 -21.7268  14.7608
 0.050 36.7245 10.884757 1.39743e+11 -20.8801  15.8443 -21.8202  14.9043 -22.5497  14.1748 -22.2624  14.4620 -21.7474  14.9771
 0.055 36.9395 10.820215 1.39782e+11 -20.8708  16.0687 -21.8174  15.1221 -22.5505  14.3890 -22.2765  14.6630 -21.7678  15.1717
 0.060 37.1364 10.756118 1.39822e+11 -20.8543  16.2821 -21.8140  15.3224 -22.5508  14.5856 -22.2904  14.8460 -21.7881  15.3483
 0.065 37.3181 10.692462 1.39861e+11 -20.8525  16.4655 -21.8146  15.5035 -22.5509  14.7672 -22.3041  15.0140 -21.8082  15.5099
 0.070 37.4869 10.629242 1.39900e+11 -20.8276  16.6592 -21.8072  15.6797 -22.5507  14.9362 -22.3177  15.1692 -21.8281  15.6588
 0.075 37.6445 10.566455 1.39939e+11 -20.8264  16.8180 -21.8094  15.8351 -22.5510  15.0934 -22.3311  15.3134 -21.8478  15.7966
 0.080 37.7924 10.504098 1.39980e+11 -20.8049  16.9875 -21.8034  15.9890 -22.5524  15.2400 -22.3445  15.4479 -21.8675  15.9249
 0.085 37.9317 10.442166 1.40021e+11 -20.7930  17.1387 -21.8026  16.1291 -22.5531  15.3786 -22.3576  15.5741 -21.8869  16.0448
 0.090 38.0635 10.380657 1.40061e+11 -20.7810  17.2824 -21.7999  16.2636 -22.5544  15.5091 -22.3706  15.6929 -21.9061  16.1573
 0.095 38.1885 10.319566 1.40101e+11 -20.7614  17.4271 -21.7955  16.3929 -22.5558  15.6327 -22.3832  15.8052 -21.9252  16.2633
 0.100 38.3074 10.258891 1.40140e+11 -20.7487  17.5587 -21.7935  16.5138 -22.5578  15.7495 -22.3956  15.9117 -21.9441  16.3633
 0.125 38.8288  9.961624 1.40338e+11 -20.6570  18.1719 -21.7743  17.0546 -22.5655  16.2633 -22.4563  16.3725 -22.0383  16.7905
 0.150 39.2604  9.674236 1.40554e+11 -20.5602  18.7002 -21.7569  17.5035 -22.5678  16.6925 -22.5238  16.7366 -22.1371  17.1233
 0.175 39.6296  9.396332 1.40763e+11 -20.4583  19.1713 -21.7410  17.8886 -22.5667  17.0629 -22.5890  17.0406 -22.2308  17.3988
 0.200 39.9529  9.127535 1.40961e+11 -20.3575  19.5955 -21.7266  18.2264 -22.5676  17.3853 -22.6568  17.2961 -22.3193  17.6337
 0.225 40.2410  8.867489 1.41155e+11 -20.2696  19.9714 -21.7160  18.5250 -22.5698  17.6712 -22.7284  17.5126 -22.4005  17.8405
 0.250 40.5010  8.615852 1.41356e+11 -20.1955  20.3055 -21.7010  18.8000 -22.5738  17.9272 -22.8030  17.6980 -22.4760  18.0250
 0.275 40.7382  8.372300 1.41554e+11 -20.1180  20.6202 -21.6803  19.0579 -22.5819  18.1563 -22.8771  17.8611 -22.5471  18.1911
 0.300 40.9564  8.136524 1.41763e+11 -20.0260  20.9305 -21.6594  19.2971 -22.5928  18.3636 -22.9523  18.0041 -22.6140  18.3425
 0.325 41.1586  7.908226 1.41966e+11 -19.9268  21.2319 -21.6397  19.5189 -22.5993  18.5594 -23.0270  18.1317 -22.6781  18.4806
 0.350 41.3471  7.687125 1.42164e+11 -19.8587  21.4884 -21.6187  19.7284 -22.6074  18.7396 -23.1064  18.2406 -22.7471  18.6000
 0.375 41.5236  7.472950 1.42360e+11 -19.8281  21.6955 -21.5901  19.9335 -22.6206  18.9030 -23.1844  18.3392 -22.8122  18.7113
 0.400 41.6896  7.265440 1.42571e+11 -19.8019  21.8877 -21.5457  20.1439 -22.6345  19.0551 -23.2635  18.4260 -22.8762  18.8134
 0.425 41.8463  7.064349 1.42777e+11 -19.7573  22.0890 -21.4791  20.3672 -22.6476  19.1987 -23.3414  18.5049 -22.9375  18.9088
 0.450 41.9948  6.869438 1.42987e+11 -19.7025  22.2923 -21.4043  20.5905 -22.6618  19.3330 -23.4204  18.5744 -22.9982  18.9966
 0.475 42.1358  6.680479 1.43191e+11 -19.6338  22.5020 -21.3239  20.8120 -22.6706  19.4652 -23.5014  18.6345 -23.0561  19.0797
 0.500 42.2702  6.497254 1.43389e+11 -19.5837  22.6865 -21.2438  21.0264 -22.6774  19.5928 -23.5830  18.6872 -23.1127  19.1575
 0.525 42.3984  6.319552 1.43580e+11 -19.5158  22.8827 -21.1705  21.2280 -22.6807  19.7177 -23.6635  18.7349 -23.1669  19.2315
 0.550 42.5211  6.147172 1.43817e+11 -19.4545  23.0666 -21.1173  21.4039 -22.6963  19.8248 -23.7672  18.7539 -23.2491  19.2720
 0.575 42.6387  5.979921 1.44049e+11 -19.3950  23.2437 -21.0734  21.5654 -22.7074  19.9313 -23.8639  18.7748 -23.3276  19.3112
 0.600 42.7516  5.817614 1.44275e+11 -19.3191  23.4326 -21.0299  21.7218 -22.7148  20.0368 -23.9552  18.7964 -23.4013  19.3503
 0.625 42.8602  5.660072 1.44495e+11 -19.2192  23.6410 -20.9724  21.8878 -22.7161  20.1441 -24.0405  18.8197 -23.4689  19.3913
 0.650 42.9647  5.507125 1.44721e+11 -19.1179  23.8468 -20.9020  22.0627 -22.7146  20.2502 -24.1035  18.8612 -23.5196  19.4452
 0.675 43.0656  5.358608 1.44945e+11 -19.0300  24.0355 -20.8283  22.2373 -22.7119  20.3536 -24.1530  18.9125 -23.5682  19.4974
 0.700 43.1629  5.214364 1.45177e+11 -18.9268  24.2361 -20.7815  22.3814 -22.7139  20.4490 -24.1990  18.9639 -23.6194  19.5435
 0.725 43.2570  5.074240 1.45411e+11 -18.8213  24.4357 -20.7631  22.4939 -22.7204  20.5366 -24.2435  19.0134 -23.6730  19.5840
 0.750 43.3480  4.938092 1.45640e+11 -18.7029  24.6452 -20.7548  22.5932 -22.7291  20.6189 -24.2874  19.0606 -23.7306  19.6174
 0.775 43.4362  4.805780 1.45865e+11 -18.6017  24.8345 -20.7492  22.6870 -22.7359  20.7003 -24.3296  19.1066 -23.7935  19.6427
 0.800 43.5217  4.677170 1.46094e+11 -18.4586  25.0631 -20.7292  22.7925 -22.7466  20.7751 -24.3722  19.1495 -23.8622  19.6595
 0.825 43.6046  4.552131 1.46329e+11 -18.3152  25.2894 -20.7044  22.9002 -22.7511  20.8535 -24.4152  19.1895 -23.9349  19.6698
 0.850 43.6852  4.430541 1.46564e+11 -18.1802  25.5050 -20.6675  23.0177 -22.7497  20.9355 -24.4589  19.2263 -24.0074  19.6778
 0.875 43.7635  4.312280 1.46807e+11 -18.0409  25.7226 -20.6336  23.1299 -22.7419  21.0215 -24.5046  19.2589 -24.0804  19.6831
 0.900 43.8396  4.197234 1.47046e+11 -18.0050  25.8346 -20.6014  23.2382 -22.7240  21.1156 -24.5491  19.2905 -24.1506  19.6890
 0.925 43.9137  4.085292 1.47287e+11 -17.9496  25.9641 -20.5641  23.3497 -22.7031  21.2106 -24.5926  19.3212 -24.2184  19.6954
 0.950 43.9859  3.976349 1.47523e+11 -17.8629  26.1230 -20.5151  23.4709 -22.6756  21.3103 -24.6341  19.3519 -24.2819  19.7040
 0.975 44.0563  3.870302 1.47779e+11 -17.8247  26.2316 -20.4828  23.5735 -22.6612  21.3950 -24.6819  19.3744 -24.3522  19.7041
 1.000 44.1248  3.767055 1.48029e+11 -17.7201  26.4047 -20.4463  23.6785 -22.6440  21.4809 -24.7265  19.3984 -24.4187  19.7061
 1.025 44.1918  3.666513 1.48276e+11 -17.5777  26.6141 -20.3995  23.7923 -22.6313  21.5605 -24.7704  19.4214 -24.4839  19.7078
 1.050 44.2571  3.568586 1.48518e+11 -17.4936  26.7635 -20.3374  23.9197 -22.6152  21.6419 -24.8114  19.4456 -24.5469  19.7102
 1.075 44.3209  3.473187 1.48773e+11 -17.4830  26.8379 -20.2820  24.0389 -22.5960  21.7249 -24.8455  19.4754 -24.6034  19.7175
 1.100 44.3832  3.380231 1.49027e+11 -17.4900  26.8933 -20.2332  24.1500 -22.5701  21.8132 -24.8758  19.5074 -24.6572  19.7260
 1.125 44.4442  3.289640 1.49278e+11 -17.5013  26.9428 -20.1911  24.2531 -22.5376  21.9066 -24.9060  19.5382 -24.7102  19.7340
 1.150 44.5038  3.201335 1.49524e+11 -17.4992  27.0046 -20.1311  24.3727 -22.5003  22.0035 -24.9339  19.5699 -24.7612  19.7426
 1.175 44.5622  3.115242 1.49780e+11 -17.4728  27.0893 -20.0667  24.4954 -22.4668  22.0954 -24.9607  19.6014 -24.8140  19.7481
 1.200 44.6193  3.031290 1.50042e+11 -17.4712  27.1481 -20.0092  24.6101 -22.4336  22.1856 -24.9856  19.6336 -24.8669  19.7524
 1.225 44.6752  2.949409 1.50305e+11 -17.4933  27.1819 -19.9293  24.7459 -22.4029  22.2723 -25.0064  19.6688 -24.9164  19.7588
 1.250 44.7300  2.869534 1.50570e+11 -17.5305  27.1995 -19.8609  24.8691 -22.3748  22.3552 -25.0248  19.7052 -24.9624  19.7676
 1.275 44.7837  2.791600 1.50840e+11 -17.5629  27.2208 -19.7819  25.0018 -22.3561  22.4276 -25.0413  19.7424 -25.0033  19.7804
 1.300 44.8363  2.715547 1.51125e+11 -17.5861  27.2502 -19.6981  25.1382 -22.3420  22.4943 -25.0559  19.7804 -25.0392  19.7971
 1.325 44.8880  2.641314 1.51407e+11 -17.5785  27.3095 -19.6077  25.2802 -22.3255  22.5624 -25.0693  19.8187 -25.0740  19.8139
 1.350 44.9386  2.568845 1.51693e+11 -17.5530  27.3856 -19.5244  25.4142 -22.3204  22.6183 -25.0821  19.8565 -25.1104  19.8282
 1.375 44.9883  2.498086 1.51973e+11 -17.5224  27.4660 -19.4805  25.5078 -22.3148  22.6735 -25.0983  19.8900 -25.1497  19.8387
 1.400 45.0371  2.428983 1.52252e+11 -17.4970  27.5402 -19.4593  25.5778 -22.3099  22.7272 -25.1248  19.9123 -25.1981  19.8390
 1.425 45.0851  2.361485 1.52530e+11 -17.4490  27.6361 -19.4640  25.6211 -22.3007  22.7843 -25.1522  19.9329 -25.2465  19.8385
 1.450 45.1322  2.295544 1.52827e+11 -17.3870  27.7451 -19.4850  25.6471 -22.2877  22.8445 -25.1806  19.9515 -25.2949  19.8373
 1.475 45.1784  2.231112 1.53122e+11 -17.3098  27.8687 -19.4737  25.7047 -22.2786  22.8998 -25.2091  19.9693 -25.3427  19.8357
 1.500 45.2239  2.168144 1.53441e+11 -17.2470  27.9769 -19.4607  25.7632 -22.2822  22.9417 -25.2442  19.9797 -25.3921  19.8318
 1.525 45.2686  2.106596 1.53754e+11 -17.1588  28.1098 -19.4340  25.8346 -22.2842  22.9844 -25.2804  19.9882 -25.4399  19.8286
 1.550 45.3125  2.046425 1.54061e+11 -17.0571  28.2555 -19.3928  25.9198 -22.2877  23.0248 -25.3175  19.9950 -25.4875  19.8251
 1.575 45.3558  1.987591 1.54369e+11 -16.9629  28.3929 -19.3797  25.9760 -22.2909  23.0649 -25.3573  19.9985 -25.5347  19.8211
 1.600 45.3983  1.930055 1.54721e+11 -16.9404  28.4579 -19.4176  25.9808 -22.3048  23.0935 -25.4122  19.9861 -25.5936  19.8047
 1.625 45.4402  1.873777 1.55069e+11 -16.9323  28.5079 -19.4643  25.9759 -22.3147  23.1255 -25.4656  19.9746 -25.6497  19.7905
 1.650 45.4814  1.818723 1.55424e+11 -16.9240  28.5574 -19.5200  25.9614 -22.3243  23.1570 -25.5185  19.9629 -25.7041  19.7773
 1.675 45.5220  1.764856 1.55798e+11 -16.9308  28.5911 -19.5877  25.9342 -22.3336  23.1884 -25.5682  19.9538 -25.7524  19.7696
 1.700 45.5619  1.712143 1.56240e+11 -17.0049  28.5570 -19.6573  25.9046 -22.3488  23.2131 -25.6117  19.9502 -25.7903  19.7716
 1.725 45.6013  1.660550 1.56675e+11 -17.0633  28.5379 -19.7031  25.8981 -22.3633  23.2380 -25.6529  19.9484 -25.8267  19.7745
 1.750 45.6400  1.610046 1.57107e+11 -17.1231  28.5169 -19.7352  25.9049 -22.3777  23.2623 -25.6923  19.9477 -25.8623  19.7777
 1.775 45.6782  1.560600 1.57654e+11 -17.1363  28.5419 -19.7810  25.8972 -22.4022  23.2760 -25.7342  19.9440 -25.8978  19.7805
 1.800 45.7159  1.512183 1.58317e+11 -17.0864  28.6295 -19.8479  25.8679 -22.4314  23.2845 -25.7783  19.9375 -25.9330  19.7829
 1.825 45.7530  1.464765 1.58985e+11 -17.0084  28.7445 -19.9187  25.8343 -22.4556  23.2974 -25.8211  19.9319 -25.9678  19.7852
 1.850 45.7896  1.418320 1.59648e+11 -16.8963  28.8932 -19.9796  25.8099 -22.4721  23.3174 -25.8612  19.9284 -26.0019  19.7877
 1.875 45.8256  1.372820 1.60079e+11 -16.8983  28.9273 -20.0593  25.7663 -22.4813  23.3444 -25.8534  19.9722 -25.9862  19.8394
 1.900 45.8612  1.328239 1.60470e+11 -16.9059  28.9553 -20.1237  25.7375 -22.4846  23.3766 -25.8392  20.0220 -25.9630  19.8982
 1.925 45.8963  1.284553 1.60861e+11 -16.8795  29.0168 -20.1780  25.7183 -22.4825  23.4138 -25.8252  20.0711 -25.9386  19.9578
 1.950 45.9309  1.241738 1.61260e+11 -16.8474  29.0835 -20.2318  25.6992 -22.4771  23.4539 -25.8119  20.1191 -25.9235  20.0074
 1.975 45.9651  1.199770 1.61676e+11 -16.8401  29.1250 -20.2898  25.6753 -22.4679  23.4972 -25.7955  20.1696 -25.9188  20.0463
 2.000 45.9988  1.158627 1.62087e+11 -16.8007  29.1981 -20.3402  25.6586 -22.4546  23.5442 -25.7755  20.2234 -25.9104  20.0885
 2.100 46.1295  1.001875 1.63746e+11 -16.5063  29.6232 -20.5745  25.5550 -22.4521  23.6774 -25.7980  20.3315 -25.9197  20.2098
 2.200 46.2538  0.856693 1.65534e+11 -16.4668  29.7870 -20.9404  25.3134 -22.5412  23.7126 -25.8633  20.3905 -25.9592  20.2946
 2.300 46.3724  0.721948 1.67433e+11 -17.1683  29.2041 -21.3948  24.9776 -22.6728  23.6995 -25.9556  20.4168 -26.0395  20.3329
 2.400 46.4857  0.596642 1.69559e+11 -18.2569  28.2287 -21.9755  24.5102 -22.9293  23.5563 -26.0915  20.3941 -26.1678  20.3178
 2.500 46.5941  0.479894 1.71942e+11 -19.9227  26.6714 -22.6059  23.9882 -23.2996  23.2945 -26.2328  20.3614 -26.2955  20.2987
 2.600 46.6981  0.370922 1.74742e+11 -21.5243  25.1738 -23.2936  23.4046 -23.7875  22.9107 -26.3703  20.3279 -26.4236  20.2745
 2.700 46.7980  0.269031 1.78249e+11 -22.7526  24.0454 -24.0807  22.7174 -24.4221  22.3759 -26.5508  20.2473 -26.5683  20.2297
 2.800 46.8941  0.173606 1.83115e+11 -23.9128  22.9813 -25.0245  21.8696 -25.2669  21.6272 -26.8147  20.0794 -26.7803  20.1138
