# LRG_ID PHOT_Z
38726361               0.5645474791526794
387263426               0.5656581521034241
387263563               0.6299882531166077
387263753               0.39749211072921753
3872633373               0.25246545672416687
3872633520               0.234743133187294
3872633852               0.7185739278793335
380156972               0.45328471064567566
3801564684               0.41905197501182556
3830141557               0.670269787311554
3830143445               0.8193936944007874
3830145305               0.43563583493232727
3830145674               0.46278735995292664
3830145910               0.3645589351654053
3830146137               0.36266687512397766
384422356               0.467401921749115
384422743               0.49905624985694885
3844222496               0.5068594813346863
3844224134               0.2480657994747162
3844224178               0.5245342254638672
3844272459               0.4966294765472412
3844272873               0.4755447804927826
3844273170               0.5389091968536377
3844273354               0.47614502906799316
3844273499               0.4705652892589569
3844273787               0.6305604577064514
3844273884               0.21638943254947662
3715882511               0.32204964756965637
3715886074               0.5751489996910095
3715886535               0.5478212833404541
3715886931               0.5480888485908508
374447720               0.42117053270339966
3744473456               0.28510287404060364
3744474299               0.3372492492198944
3744476014               0.35875585675239563
3744476171               0.42049169540405273
378738212               0.711869478225708
3787383024               0.4604204595088959
3787383685               0.6389591693878174
3787384286               0.6833677291870117
3787387000               0.46172598004341125
3886892095               0.5280096530914307
3758823320               0.544730544090271
3758824126               0.6582561135292053
3758824938               0.6560120582580566
3758826938               0.472486287355423
3815803210               0.6431835889816284
3815803507               0.43901124596595764
3815804556               0.5538305044174194
380148377               0.4967813789844513
3801481951               0.6098650693893433
3801482604               0.6156629323959351
3801483293               0.2850961685180664
3801483770               0.49975189566612244
3872761138               0.5140420198440552
3872762196               0.6186218857765198
3872762885               0.4175664782524109
3872762917               0.4154685437679291
3872764417               0.4213002324104309
3701495314               0.4208829700946808
3701496447               0.3353509306907654
373020911               0.7605708837509155
3730202704               0.512313187122345
3730204125               0.5545936822891235
3730206489               0.4978274703025818
3730206594               0.32050469517707825
3744503076               0.2551843523979187
3744504096               0.5741127133369446
3744506749               0.7678465843200684
3815902639               0.6420591473579407
3815904543               0.6529698967933655
3815904894               0.5877031683921814
383008425               0.4850684106349945
383008519               0.5552751421928406
3830082039               0.4791170656681061
3830084303               0.6312376260757446
3830084475               0.5080841779708862
380159960               0.4706626534461975
3801591112               0.42013445496559143
3801595839               0.5407471656799316
385854974               0.5689080953598022
3858543592               0.4159865081310272
3744551978               0.16141650080680847
3744553940               0.5878723859786987
3744556419               0.6032307147979736
380157961               0.44223320484161377
3801574389               0.41762593388557434
3801574455               0.25047537684440613
3801574523               0.31489133834838867
3801574596               0.6714152097702026
370153859               0.5362296104431152
3701532205               0.5593709349632263
3701533201               0.5337592363357544
3701535266               0.5356795191764832
3701535426               0.46820271015167236
3701536651               0.4846929907798767
3872613628               0.6204142570495605
3872614339               0.5115184187889099
3872614458               0.34010982513427734
3872614718               0.33825260400772095
374437994               0.6676325798034668
3744372544               0.5621685981750488
3744373866               0.6261961460113525
3744374111               0.4436952471733093
3701605226               0.576184093952179
3701607373               0.5752069354057312
3715923429               0.6012881398200989
385844259               0.5634072422981262
3858443704               0.5025225877761841
3858444221               0.5629369020462036
3858444356               0.19831587374210358
3858444362               0.5087404847145081
3772943958               0.359142541885376
38157286               0.4365138113498688
3815721890               0.615051805973053
3815722010               0.6870378851890564
3815722430               0.6766940951347351
3815723786               0.48838961124420166
3815724421               0.4880353510379791
38299535               0.18953371047973633
3829953548               0.6494109034538269
3844301400               0.48344099521636963
3844302150               0.3855873942375183
3844303017               0.5079934597015381
3844303646               0.4937976002693176
3844303751               0.6357033252716064
3844304291               0.5082119703292847
3844304304               0.45855119824409485
381575629               0.48276644945144653
3815751756               0.5329918265342712
3815753615               0.5303281545639038
3815862349               0.5619919300079346
3815865257               0.4654656648635864
378721382               0.5554718971252441
3787211414               0.5671281218528748
3787212317               0.5563988089561462
3787213392               0.2801970839500427
3787213554               0.2434573620557785
3787401684               0.5533929467201233
3787402937               0.6525981426239014
3787405036               0.6685184240341187
3758751098               0.5667898654937744
3758752170               0.24452604353427887
3758754362               0.5848711133003235
375884596               0.222837895154953
3758841012               0.6189355850219727
3758842635               0.5737776160240173
3758844814               0.4026467800140381
3758845479               0.568168044090271
3758846253               0.40356335043907166
3758846595               0.5587596893310547
3730081295               0.29219555854797363
3730081690               0.31118085980415344
3730085474               0.4087172746658325
385852767               0.5807275176048279
3858521218               0.6065382957458496
3858521462               0.46569040417671204
3858522311               0.7387159466743469
3858524691               0.5081894397735596
3858524766               0.6254010200500488
377296130               0.4348874092102051
377296790               0.416348934173584
3772961074               0.8262741565704346
3772962664               0.5540341138839722
3772962762               0.520587682723999
3772963570               0.4958105683326721
3772964436               0.6191076040267944
3872641018               0.5143064260482788
3872641019               0.4930742681026459
3872642912               0.5701637864112854
370157765               0.693571150302887
3701572408               0.7091403603553772
3701572676               0.5289788246154785
3701574256               0.5287641882896423
377313322               0.5829216837882996
3773134559               0.5527212619781494
3773135954               0.25560420751571655
3773136941               0.6885457038879395
383010578               0.5543650388717651
3830101912               0.5304426550865173
3830103754               0.5594956278800964
3830104106               0.46977606415748596
3715811               0.6397231817245483
3715811400               0.5240857005119324
3715812783               0.392220139503479
3715813003               0.5256956815719604
3715813210               0.4488429129123688
3715813488               0.6440445184707642
3715815549               0.47335660457611084
3715815974               0.3107666075229645
3715816167               0.20686198770999908
3715816335               0.3963366448879242
3715816758               0.47264227271080017
3715816878               0.5341612696647644
3730091292               0.6111831068992615
3730092036               0.5609052181243896
3730093202               0.4486275911331177
3730094671               0.6127188801765442
37729873               0.6132235527038574
3772981083               0.5033702850341797
3772981541               0.22481054067611694
3772982659               0.5460883378982544
3772983034               0.6534311175346375
3772983920               0.4825974404811859
3772985131               0.5609883666038513
3772985336               0.43268731236457825
3772985602               0.6363460421562195
371590681               0.7305372953414917
371590704               0.5742599368095398
3715901435               0.6278059482574463
3715902529               0.2005457878112793
3715902857               0.5744302272796631
3773071207               0.5554616451263428
3787222995               0.6161738038063049
3787223152               0.4756389260292053
3787224019               0.47379693388938904
3787224152               0.6773382425308228
3787224167               0.615756630897522
378739807               0.3886221945285797
3787391150               0.6247615814208984
3787391952               0.32648175954818726
3787395183               0.5880881547927856
377300418               0.564833402633667
377300761               0.24822203814983368
3773001002               0.5626279711723328
3773002754               0.5688856244087219
3773003644               0.566044807434082
3773004764               0.5623198747634888
3773005906               0.5057609677314758
3844361402               0.4627949297428131
3844363889               0.5199776291847229
3715861815               0.5287950038909912
3715862151               0.5308949947357178
3715863379               0.34155142307281494
3715864716               0.3143917918205261
3715865135               0.4884938895702362
3715865527               0.31457751989364624
3715866281               0.36008545756340027
3715866734               0.45159825682640076
3815763379               0.5185022354125977
3815763731               0.5195602774620056
378733141               0.3387564718723297
3787333582               0.26645609736442566
384423825               0.5939810276031494
3844233203               0.4904358983039856
3844233368               0.41865065693855286
3815912621               0.5792396664619446
3701644128               0.47866588830947876
3701645360               0.19662652909755707
3886901759               0.591918408870697
3715822615               0.25172334909439087
3715823081               0.6688469052314758
3715823511               0.5331169962882996
3715825816               0.40945446491241455
3715826801               0.2099394053220749
3886851717               0.6076877117156982
388693629               0.552426278591156
3886931791               0.6215402483940125
3886932281               0.5091937184333801
3886932406               0.6436061263084412
377297926               0.6115851402282715
3772972145               0.3529491424560547
3772972501               0.6114527583122253
3772973035               0.6700525283813477
3772973074               0.5631576180458069
3772973280               0.47959980368614197
3772973431               0.7082842588424683
3772974697               0.4359607398509979
3772975867               0.5038082003593445
3772976744               0.44607794284820557
3801611170               0.2548230290412903
3801611455               0.22453244030475616
3801614313               0.3946615755558014
3801614478               0.4627685248851776
3801615290               0.2831538915634155
3801616158               0.3105221092700958
37016129               0.5778232216835022
3701611651               0.5762184262275696
3715954880               0.5963735580444336
3715955274               0.22607530653476715
3715955338               0.600167453289032
3715956396               0.5982793569564819
373010467               0.3495989739894867
373010714               0.5890505909919739
3730101550               0.5597906112670898
3730101773               0.5900802612304688
3730102153               0.5613191723823547
3730102533               0.23132653534412384
3730102534               0.35253971815109253
3730102624               0.5598440170288086
3730102738               0.6203863620758057
3730102888               0.5596495866775513
3730103698               0.6177465915679932
3730104504               0.5330533981323242
3730105053               0.5598146319389343
3730106249               0.5360068678855896
3730106410               0.5302605628967285
3730106698               0.5719712972640991
373012549               0.5271239280700684
383005556               0.5012781620025635
3830053613               0.5514150857925415
373024683               0.7567673921585083
3730241192               0.6685649156570435
3730243854               0.48956015706062317
3730244624               0.4218096137046814
3730244650               0.5068234801292419
3730244739               0.5074870586395264
3730245045               0.47641444206237793
3730247547               0.31161248683929443
388682694               0.7184435129165649
3829971005               0.49296045303344727
3829972306               0.5040667653083801
3829972664               0.5238427519798279
3829972860               0.5784016847610474
3829972918               0.504993736743927
3829973091               0.695953905582428
3829973375               0.5224700570106506
3829973572               0.34473899006843567
3829973796               0.575559139251709
383002962               0.5254895091056824
3830021492               0.5255661010742188
3830021795               0.5261750817298889
3830022075               0.550437331199646
3830023765               0.5258388519287109
374456262               0.5988552570343018
374456861               0.5979920029640198
3744564145               0.6011973023414612
3744564306               0.23147915303707123
3744564378               0.521796703338623
3744566464               0.5989769101142883
3744566779               0.3343553841114044
3744567258               0.3232523500919342
375866276               0.5995200872421265
375866547               0.33261117339134216
375866752               0.3629467785358429
3758662184               0.5430406332015991
3758664431               0.5534334778785706
387270804               0.5187446475028992
3872703437               0.4275846481323242
383013640               0.40551432967185974
3830131190               0.30818960070610046
3830133738               0.30622684955596924
3701471552               0.5388742685317993
3701471858               0.465189129114151
3701472856               0.5342880487442017
3701472992               0.329811692237854
3701475070               0.5422819256782532
371583824               0.22377794981002808
3715831019               0.5344151854515076
3715831381               0.5289769768714905
3715833391               0.5314760208129883
3715833776               0.5413039326667786
3715834908               0.3676016330718994
3715836753               0.43194594979286194
3715837057               0.41051048040390015
378728339               0.49470198154449463
3787281424               0.43924570083618164
3787281579               0.39224687218666077
3787283305               0.15129372477531433
3787283431               0.36443156003952026
3787283465               0.5517167448997498
3787283591               0.48636844754219055
3858461475               0.5058677196502686
3858461930               0.5108068585395813
3858463195               0.487478107213974
3858463861               0.465505987405777
3858464376               0.5210962891578674
3701562203               0.2698000967502594
3701562417               0.3927093744277954
3701563080               0.2994502782821655
3701563145               0.7079842686653137
3701563680               0.657443106174469
374444704               0.3168104887008667
374444715               0.31770390272140503
3744443067               0.33284035325050354
3744443220               0.6581946015357971
3744443561               0.49465468525886536
3744443562               0.5602038502693176
3744444815               0.32634857296943665
3744445734               0.6427664756774902
3844331288               0.4751591980457306
3844334860               0.4917987585067749
3773051358               0.38605988025665283
3773051519               0.4689929485321045
3773051690               0.3918760120868683
3773051696               0.5904845595359802
3773052973               0.3884342610836029
3773054917               0.5809202194213867
3773055772               0.38100698590278625
3773055793               0.23691892623901367
3773055909               0.3971972167491913
385851387               0.7206137776374817
3858512219               0.5301004648208618
3858512444               0.23071904480457306
3858514007               0.47838571667671204
3872741904               0.2324569672346115
3872742493               0.227772518992424
3872742712               0.46137672662734985
3758784591               0.418373167514801
3758785526               0.38957589864730835
3758785984               0.33814799785614014
3758786675               0.6834934949874878
3773085878               0.5559968948364258
385853994               0.6404395699501038
3858531551               0.6507555246353149
3858531910               0.2595076262950897
3801491128               0.6198153495788574
3801492439               0.6188870668411255
3801493757               0.7027060985565186
3801662941               0.5927032232284546
383007635               0.46560028195381165
383007941               0.5266059637069702
3830071443               0.46237239241600037
3830072100               0.5097746253013611
3830072192               0.4160301387310028
3830072193               0.47955945134162903
3830072590               0.4791436791419983
3830073027               0.48114660382270813
3830073131               0.48027801513671875
3830073549               0.5009154081344604
3830073574               0.4475996196269989
3830075338               0.4841502010822296
3886911593               0.5278038382530212
3886911771               0.47264745831489563
3744391912               0.478727251291275
3744392036               0.4773710072040558
3744392144               0.47630566358566284
3744393710               0.2493872195482254
3744393783               0.6125198602676392
3744394241               0.47932708263397217
3744394311               0.24936677515506744
383009722               0.35948097705841064
3830091223               0.6532779335975647
3830094955               0.4928986430168152
3730185883               0.5136607885360718
3730186869               0.3362716734409332
3844282298               0.41761720180511475
3844283949               0.6515427231788635
3844284084               0.39897796511650085
375883320               0.5532018542289734
3758833430               0.4730715751647949
3758833454               0.4710145890712738
3758837394               0.19851543009281158
3886841908               0.6041624546051025
370148605               0.41930827498435974
3701481943               0.5578118562698364
3701483192               0.5974959135055542
3701483395               0.5981782078742981
3701483604               0.6435481905937195
3701483872               0.3588358759880066
3701483999               0.6323921084403992
3701486519               0.3616826832294464
3829981921               0.46495988965034485
3829982379               0.5061510801315308
3829983231               0.5046801567077637
3829984528               0.4702828824520111
370151859               0.5333542823791504
3701512638               0.35375410318374634
3701513749               0.6306752562522888
371578188               0.35095837712287903
3715783013               0.7517814040184021
3715783472               0.5319032669067383
3715784173               0.5502832531929016
3715784920               0.5494841933250427
3715784930               0.5057803988456726
3715785749               0.20857518911361694
3715786551               0.516481876373291
388686699               0.5199459791183472
3886861251               0.4461982846260071
3886861767               0.4374120533466339
3886862283               0.2355274111032486
3886862296               0.5689361691474915
375879289               0.4755335748195648
375879589               0.49571672081947327
3758792359               0.7152482271194458
3758796546               0.4698759913444519
3687255080               0.35452088713645935
3687256245               0.4548584520816803
3787232104               0.3732212781906128
3787232725               0.3563280701637268
3787232936               0.4730418920516968
3787233500               0.6201092600822449
3787233821               0.7082039713859558
3787234805               0.6189250349998474
3872712411               0.19898927211761475
3872712802               0.4641282260417938
3872713669               0.4161791205406189
380164582               0.6403756141662598
3801641129               0.2887059152126312
3801642620               0.4301864206790924
3801645703               0.462511271238327
3801646876               0.6629415154457092
38585524               0.5607315301895142
385855622               0.5805756449699402
3858551580               0.562835693359375
3858552108               0.4918273687362671
3858554477               0.42059385776519775
385850439               0.57222980260849
3858502625               0.5456196665763855
3787301238               0.4683343768119812
3787302562               0.6471350789070129
3787303524               0.4847045838832855
3886951005               0.6026652455329895
3886951260               0.2349632978439331
3886952201               0.46019285917282104
373019381               0.4681245684623718
3730191515               0.5848808884620667
3730197141               0.7097457647323608
378734262               0.46674099564552307
3787341298               0.41574913263320923
3787346757               0.48181483149528503
3801621053               0.5544503927230835
3801623054               0.6604345440864563
3801624914               0.5146917700767517
3687215035               0.716414749622345
3687215672               0.536003053188324
3687215843               0.5277312397956848
3687216606               0.6979146003723145
3687216807               0.28590601682662964
3815713307               0.488200843334198
3815714635               0.5587170720100403
38158816               0.4021569490432739
381588806               0.23195970058441162
3815883968               0.3829517066478729
374438312               0.481477290391922
3744381496               0.2241544872522354
3744381933               0.5989425778388977
3744384716               0.36506810784339905
3744384916               0.36565324664115906
3844352203               0.5170646905899048
3844355525               0.6007234454154968
3844355710               0.535020112991333
38158379               0.5407984852790833
3815834016               0.4971695840358734
3744432695               0.478651762008667
3744435508               0.08983999490737915
3744436062               0.3075904846191406
3744436366               0.3273550570011139
3744436543               0.31521162390708923
3858491189               0.5163849592208862
3858492439               0.507885754108429
3858494254               0.42042627930641174
3858494517               0.41973790526390076
3715771179               0.5444916486740112
3715773861               0.535224199295044
384426618               0.4896286725997925
3844261042               0.1777563840150833
3844261505               0.5335549712181091
3844262787               0.3283117711544037
3844263219               0.576547384262085
3758691458               0.5580019354820251
3758691788               0.5365198850631714
3758691835               0.6994750499725342
3758692088               0.5318309664726257
3758692270               0.19592340290546417
37872720               0.347858726978302
378727434               0.5624682903289795
378727716               0.26487910747528076
3787271764               0.5609806180000305
3787272472               0.43479621410369873
3787272987               0.5168140530586243
3787274618               0.5606257319450378
3787274707               0.7041297554969788
3844323467               0.6685402989387512
3844324034               0.23438532650470734
37014682               0.4642196297645569
373025642               0.3905918300151825
3730251329               0.5967249870300293
3730251616               0.3385336995124817
3730254622               0.5554898381233215
3730254701               0.4618226885795593
381582283               0.4672333598136902
381582483               0.6555080413818359
3815821723               0.6138560771942139
3815824019               0.46353891491889954
3815824173               0.3940882384777069
3815824396               0.24457862973213196
3758681761               0.525529682636261
3758682850               0.3638397455215454
3758685230               0.35104966163635254
3830012365               0.2324712872505188
3830013306               0.6029473543167114
3773092829               0.5690996646881104
3773093032               0.660190999507904
3773094125               0.6639828681945801
3773097397               0.25350382924079895
3773097435               0.4723499119281769
3687204186               0.3676629066467285
3687205269               0.2867727279663086
381584715               0.41444939374923706
3815854706               0.4890928566455841
374442129               0.5272915959358215
3744423068               0.5628915429115295
3744424277               0.418425977230072
3744425685               0.5621188282966614
3744427385               0.592362642288208
3744427428               0.2508135437965393
373007931               0.5447209477424622
3730071100               0.31072527170181274
3730073642               0.5453771948814392
3730074302               0.31123432517051697
3730074673               0.24966518580913544
375877181               0.36797818541526794
375877435               0.4406268894672394
3758771290               0.41979050636291504
3758774169               0.3479742109775543
3758774679               0.3437228500843048
3758775175               0.5658936500549316
3758775298               0.389054536819458
3758776014               0.37005260586738586
3758776749               0.38603585958480835
3758776782               0.38013413548469543
377310872               0.22925810515880585
3773102202               0.47086888551712036
3773104229               0.6441730856895447
3773104597               0.4001210927963257
377306935               0.38015279173851013
3773065812               0.253508597612381
3773065991               0.8380304574966431
387272144               0.6546467542648315
387272157               0.5040683746337891
3872721671               0.5084920525550842
3872722041               0.622111439704895
3687244525               0.5710192322731018
3687244784               0.2532464265823364
3687246084               0.35112008452415466
371585205               0.4378516674041748
3715851050               0.5237489938735962
3715852385               0.6195909976959229
3744401193               0.42528125643730164
3744404951               0.4786530137062073
3787291516               0.34101536870002747
388696458               0.5037510991096497
3886961058               0.4108346998691559
3787353530               0.5623713731765747
3701545259               0.43696221709251404
3701545544               0.475775808095932
385847245               0.5790261626243591
3858471223               0.4188319444656372
3858471427               0.5114300847053528
3858471565               0.5227726697921753
3858472447               0.22249597311019897
3858472593               0.18116554617881775
3858472775               0.4200263023376465
3858473108               0.4184091091156006
3858473304               0.5078312754631042
3858473310               0.5074945688247681
3858473470               0.5078367590904236
3858473857               0.2195165753364563
3858473903               0.5065687894821167
3858474831               0.5788389444351196
3801502053               0.48071420192718506
375867706               0.6121559739112854
3758673030               0.612558126449585
3758673827               0.41485580801963806
3758673865               0.2646261155605316
3758674555               0.5879536867141724
37302139               0.47576895356178284
3730211231               0.5547908544540405
3730212839               0.4154343903064728
3730213990               0.25527793169021606
3730154673               0.3268437385559082
384429260               0.5540221333503723
384429542               0.4152056872844696
384429601               0.4971808195114136
3844293073               0.5033671259880066
3844293601               0.5033422112464905
3844294355               0.6500847339630127
3772952091               0.30990880727767944
3772952302               0.4821980893611908
387268785               0.5280640721321106
3872681116               0.5264804363250732
3872682611               0.4664873480796814
3872683341               0.5797792673110962
3872683681               0.5511695146560669
3872683751               0.6279522180557251
3744545648               0.2556159198284149
3744546679               0.21215279400348663
3744546832               0.12057466059923172
3701501386               0.6123496294021606
3701502193               0.3570340871810913
3701503687               0.5297412276268005
3701503720               0.5639869570732117
3701504326               0.4047057628631592
3701504443               0.35706037282943726
3701505986               0.5630956888198853
380151726               0.3955010771751404
3801512609               0.520899772644043
3801513173               0.5897434949874878
371584462               0.5280713438987732
3715841183               0.5410006046295166
3715841910               0.4753299653530121
3715842402               0.47540411353111267
3715844527               0.41000044345855713
3715845559               0.47251540422439575
3715845961               0.31335288286209106
3701581697               0.3776606619358063
3701582429               0.22874897718429565
3701582988               0.616001546382904
3701583675               0.34001845121383667
3701586542               0.7106837630271912
373014724               0.5036265254020691
373014831               0.5045322775840759
3730144538               0.3133161962032318
3730145092               0.6738526821136475
3730147150               0.5228510499000549
3687155038               0.6625428795814514
3687156584               0.4366847276687622
381573183               0.28091177344322205
381573452               0.3389463424682617
3815731023               0.30706512928009033
3815731292               0.36586448550224304
3815731305               0.4247238039970398
3815731793               0.5006517767906189
3815732239               0.3061572015285492
3815734201               0.4977269768714905
3744452733               0.4941927492618561
3744453929               0.6255078315734863
3744453945               0.690961480140686
3744453983               0.3291928172111511
3744455760               0.5674663186073303
3744455843               0.33564385771751404
375873693               0.30874568223953247
375873792               0.35436829924583435
3758732946               0.5140343308448792
3758736027               0.5999756455421448
38584348               0.525374710559845
385843292               0.49020811915397644
385843735               0.2524564266204834
3858431041               0.5664916038513184
3858433141               0.4910207986831665
381578300               0.5734007954597473
3815781625               0.5166658163070679
3815782453               0.5741223096847534
3815783342               0.5185807347297668
384431386               0.4894797205924988
384431451               0.4585200548171997
3844312383               0.4122578501701355
3844313008               0.4858350455760956
3844313204               0.41800057888031006
3844314542               0.5487579107284546
3844315101               0.5319918394088745
381587211               0.6662288308143616
381587769               0.5685373544692993
3815872116               0.22744861245155334
3815872564               0.4580439031124115
3815874339               0.6088826656341553
3815876171               0.11397707462310791
3844181954               0.6153408885002136
3844181968               0.61556476354599
3844183723               0.5301960706710815
375885122               0.5191596746444702
375885885               0.5989681482315063
375885997               0.5534006357192993
3758851578               0.254549115896225
3758855308               0.597689688205719
3687164266               0.6606083512306213
373017465               0.32212477922439575
3730176592               0.3663526475429535
3801522100               0.46115100383758545
3801522131               0.4865644872188568
3801522649               0.6943055391311646
3801522970               0.5245326161384583
370155773               0.25360891222953796
3701551029               0.46435725688934326
3701551032               0.4654357135295868
3701552509               0.5591452121734619
3701553041               0.4661775827407837
3701553262               0.36118873953819275
3701553471               0.25370991230010986
3701553981               0.4915741980075836
3701554170               0.34356117248535156
3701554235               0.3625708520412445
3701555095               0.536040186882019
378732238               0.37807902693748474
375876796               0.3374992609024048
3758763110               0.5627118349075317
3758763297               0.28930145502090454
3758763729               0.5896315574645996
3758764109               0.42017289996147156
3758764611               0.4381519556045532
38868175               0.36396950483322144
388681114               0.44338253140449524
388681940               0.4026748836040497
388681947               0.4384019374847412
3886811025               0.44353002309799194
3886812143               0.28208407759666443
3830001619               0.4845523238182068
377302135               0.517657995223999
3773021726               0.303040474653244
3773021912               0.3304608464241028
3773022130               0.3326416015625
3773024425               0.3028046786785126
38299624               0.5431188344955444
3829962131               0.6096871495246887
3829962581               0.5232542157173157
3829963470               0.5347273945808411
3829964377               0.43744754791259766
3773032933               0.21728959679603577
3773033305               0.30869433283805847
3829991869               0.8467857241630554
3829992502               0.4737876057624817
3829993674               0.4895806312561035
381577929               0.6606870293617249
381577954               0.6156379580497742
3815771091               0.6201780438423157
3815772322               0.5198176503181458
3815773853               0.5279146432876587
37016212               0.491955429315567
3701624106               0.5456975698471069
3701625675               0.5964053273200989
3701626122               0.6553412675857544
3701626369               0.6374061703681946
387265379               0.2027263343334198
387265903               0.5163421630859375
387265993               0.5179936289787292
3872652549               0.5240181088447571
3872652937               0.6271201968193054
374453322               0.563348114490509
3744534250               0.5904765725135803
3744534468               0.49746036529541016
3744534611               0.4656390845775604
3744535040               0.29174429178237915
3744536822               0.476037859916687
3744536868               0.4359581172466278
3744537291               0.5445942878723145
3744537739               0.43663886189460754
380155293               0.6245654225349426
3801552361               0.24790464341640472
3801554257               0.4377073645591736
384420893               0.7260522246360779
3844202002               0.3312114477157593
380153936               0.49093300104141235
3801531658               0.5192621946334839
3801532839               0.4740442633628845
3801533172               0.22328037023544312
3801601527               0.4808530807495117
3801601713               0.4474600553512573
3801602857               0.6095547080039978
3801606274               0.6904681324958801
371594491               0.6226488947868347
371594685               0.3404493033885956
3715942531               0.5976511836051941
3715945163               0.5124753713607788
3715945164               0.5976261496543884
3715945999               0.5938926935195923
3715946838               0.6668475270271301
384434489               0.6517178416252136
3844341483               0.5901613235473633
3844341779               0.21630817651748657
3844341833               0.3799378573894501
3844344131               0.6532776951789856
3830121007               0.3526325821876526
3830123219               0.7058279514312744
377311754               0.47230827808380127
3773114386               0.6082463264465332
3773114718               0.22747303545475006
3773114744               0.28922849893569946
3773115023               0.3887120485305786
3773115191               0.5422557592391968
3858451306               0.5561790466308594
3858451328               0.5543097853660583
3858452470               0.5260581374168396
3858454276               0.4979875981807709
3730136791               0.48086032271385193
387266903               0.24207037687301636
3872661525               0.5137853026390076
3872663663               0.5206602811813354
3801651652               0.6528104543685913
3801653561               0.5935048460960388
3801654415               0.24952922761440277
3801655705               0.5839714407920837
3801655803               0.46302711963653564
3687234493               0.5145324468612671
3687234727               0.6253705024719238
3687235464               0.5394929647445679
3687236469               0.46558013558387756
3687237025               0.6263065934181213
3687237185               0.46627533435821533
3715872510               0.3134778141975403
3715874710               0.32071343064308167
3715875333               0.3219618499279022
3715875873               0.32026928663253784
3715876629               0.6046385765075684
3715964531               0.29411548376083374
3715966847               0.6960099339485168
3787241037               0.31779706478118896
3787241203               0.19416619837284088
3787242357               0.5209779143333435
3787243513               0.48058760166168213
3787243661               0.22741453349590302
3787244899               0.49600544571876526
3787245585               0.4176672697067261
374449222               0.28751784563064575
3744495800               0.40771007537841797
3744496134               0.40922147035598755
378736820               0.6956878304481506
3787364263               0.39778950810432434
375872851               0.6956083178520203
3758721005               0.5061425566673279
3758721693               0.5595055222511292
3758721894               0.5076082944869995
370163105               0.5845933556556702
370163767               0.5806940197944641
370163826               0.48668983578681946
370163862               0.29813435673713684
3701632220               0.4961109757423401
3701634051               0.48786917328834534
3701637304               0.5555065870285034
3687193465               0.5407950282096863
3687194224               0.6217385530471802
3687194541               0.3075692057609558
3815812867               0.5532076954841614
3815813317               0.5720531344413757
3815813935               0.22961892187595367
377312620               0.6737892627716064
3773121480               0.6045373678207397
388688312               0.33283179998397827
388688372               0.5859474539756775
3730223808               0.4957807958126068
3730225460               0.4570576548576355
3730225714               0.5790364742279053
3815893493               0.7742087244987488
3815894447               0.4529397487640381
3815894688               0.5952562093734741
3815895110               0.35250329971313477
3815895679               0.35289719700813293
387273322               0.5054084062576294
3872731717               0.39744266867637634
3872733862               0.5463677644729614
37158973               0.6258005499839783
371589391               0.37695780396461487
3715891446               0.34199437499046326
3715891512               0.3390580713748932
3715893543               0.6631342172622681
3715893751               0.3368091881275177
3715895232               0.33961746096611023
3715895235               0.334413081407547
3715896295               0.6617181897163391
3715897838               0.5845755338668823
38015454               0.2619893252849579
3801542540               0.25741496682167053
3801543005               0.21975421905517578
3744411395               0.3484354317188263
3744412251               0.5463144183158875
3744414034               0.23685409128665924
3744414166               0.3994715213775635
3744414323               0.5618206858634949
3744416043               0.3681776523590088
3744416151               0.548445999622345
3872672507               0.4623054563999176
3858412890               0.7155635356903076
3858412899               0.5651065111160278
3715935716               0.5963530540466309
3715936216               0.5959551334381104
3715937001               0.3899020850658417
3872752007               0.5090360641479492
3872753017               0.46653616428375244
3872753200               0.14704716205596924
3872753284               0.5817853212356567
3872754174               0.5825393199920654
384424113               0.42731261253356934
384424265               0.5770869851112366
384424336               0.5239951610565186
3844241132               0.5232106447219849
3844241197               0.5209700465202332
3844241370               0.7008769512176514
3844241662               0.42926928400993347
3844242212               0.5218698382377625
3844242626               0.4283401370048523
3787261840               0.4375332295894623
3787263099               0.5932273864746094
3787263134               0.5254850387573242
3787263685               0.26634860038757324
3787264158               0.606691300868988
3787264470               0.5245652794837952
377301112               0.5331296920776367
377301991               0.604927659034729
3773012156               0.5366255044937134
3773012285               0.4204767644405365
3773013179               0.2536148428916931
3773013493               0.6708927154541016
3773014120               0.5603752732276917
3773014527               0.7049736380577087
3773014710               0.6216906905174255
3773015057               0.5221784114837646
3773015093               0.6424939036369324
3773015233               0.5187214016914368
3744522974               0.5545483231544495
3744523134               0.4701678454875946
3744523790               0.5222689509391785
3744526327               0.5615996718406677
3687304403               0.6641615629196167
3687304616               0.3485103249549866
3687305112               0.5622498393058777
3687305679               0.6657295823097229
3687305733               0.35007432103157043
3744483837               0.22530651092529297
3744484011               0.25678062438964844
3801471709               0.2793113589286804
3801472591               0.2452494204044342
3801473093               0.6684232354164124
3801473242               0.6829491853713989
3801473576               0.4995172917842865
3787371308               0.498900443315506
3787372731               0.6453366279602051
3787374075               0.6955806016921997
3787375213               0.5720764994621277
3787375608               0.8366445899009705
385848506               0.4630841314792633
3858482208               0.3903248608112335
3858484325               0.41851696372032166
3730111819               0.5443095564842224
3730114330               0.5483621954917908
3872604154               0.5068185329437256
3730231820               0.39036619663238525
3730233639               0.6343138217926025
3730237254               0.31191498041152954
378725157               0.434780478477478
378725923               0.621013343334198
3787251284               0.43100953102111816
3787251434               0.5638181567192078
3787251494               0.42795029282569885
3787254316               0.5969312191009521
3787254531               0.5208407044410706
3730262997               0.311875581741333
3730265107               0.5703811049461365
3773042472               0.5903135538101196
3773043650               0.30022132396698
3773044093               0.2832662761211395
3773044107               0.46616849303245544
388687223               0.6487243175506592
388687335               0.704594612121582
3886871063               0.5878732204437256
3830061551               0.5096014738082886
3830061681               0.5098837614059448
3830062142               0.294158011674881
3830062457               0.6264001727104187
3830063026               0.5518409609794617
384421322               0.47180745005607605
3844213975               0.7151854634284973
385840124               0.20985540747642517
3858403920               0.3342787027359009
3744461502               0.5469392538070679
3744462121               0.5647386908531189
3744462823               0.32123202085494995
3744463539               0.6312070488929749
3744463696               0.44081440567970276
3744465659               0.7064455151557922
383011669               0.544863224029541
3830111331               0.7329748272895813
3830111455               0.2406754195690155
3830112566               0.6553218364715576
3886921690               0.5482799410820007
3844251485               0.5195632576942444
3844252333               0.17730078101158142
3844253276               0.2186654806137085
3844253991               0.3279432952404022
3844254192               0.6388274431228638
3844254869               0.6381492614746094
3730161849               0.46691811084747314
3730162485               0.31716400384902954
3730162856               0.6622203588485718
3730164536               0.23107601702213287
3730165420               0.33201953768730164
3730165998               0.48783785104751587
375870527               0.5585142970085144
3758702061               0.46243780851364136
3758704571               0.43314000964164734
3758704896               0.5928105115890503
383003704               0.4201907813549042
3830031812               0.666106104850769
3830032094               0.5261807441711426
3687225521               0.5397651791572571
3687227270               0.6244840621948242
378731742               0.468644917011261
3787311308               0.366799920797348
3787311796               0.41964831948280334
3787312657               0.38129374384880066
3787312718               0.34708335995674133
3787313185               0.41387832164764404
371580210               0.5110294222831726
371580536               0.3520946502685547
371580721               0.5209282636642456
3715802137               0.46120887994766235
3715802631               0.28466901183128357
3715803824               0.3169480860233307
3715804545               0.5761106014251709
3715804756               0.36409175395965576
3715804785               0.5873311758041382
3715805932               0.5617557168006897
3715806746               0.49259957671165466
3687294829               0.4402196705341339
3687295982               0.5779120326042175
370152937               0.5710030198097229
3701527693               0.5291245579719543
387262369               0.7164199948310852
387262394               0.7175193428993225
3872624269               0.5615723729133606
3872624717               0.39945724606513977
380158262               0.485931932926178
3801582202               0.7367476224899292
3801584588               0.7018105983734131
383004399               0.3288387358188629
383004592               0.46761274337768555
383004646               0.6546145677566528
3830041022               0.5113065838813782
3830042591               0.5555258393287659
3830043500               0.5118783712387085
3830044166               0.486029714345932
3758719               0.6658532619476318
375871195               0.24900168180465698
3758711053               0.32834506034851074
3758712092               0.6657668948173523
3758712672               0.3267814815044403
3758712788               0.3701972961425781
3758715914               0.432356059551239
385842555               0.5946782231330872
3858421570               0.5909932255744934
3858421575               0.6793796420097351
3687184708               0.4847956895828247
3687185892               0.5404960513114929
3758741085               0.6631825566291809
3758741378               0.44946786761283875
3758743320               0.6421396136283875
3758745462               0.33165210485458374
381574424               0.5638906359672546
3815741009               0.7161878347396851
3815742004               0.5298095345497131
3815742616               0.23646940290927887
3815743663               0.49968576431274414
3815743739               0.7154393196105957
3815743833               0.5024527907371521
3815744578               0.48587918281555176
3815744925               0.5436082482337952
377299666               0.32043343782424927
3772991809               0.521306574344635
3772992076               0.5617395639419556
3772992312               0.5241193771362305
3772994399               0.5643352270126343
3772995019               0.24857816100120544
3715912790               0.601811408996582
3715915345               0.30620473623275757
3715915932               0.5560265779495239
371579303               0.3602449297904968
371579780               0.6138103008270264
3715793940               0.33041033148765564
3715795065               0.5048860311508179
3715795215               0.5039228200912476
3715795383               0.28925302624702454
3715796444               0.5423691868782043
